63 136 66 57
94 174 88 83
54 92 69 58
99 138 104 90
====================
44 40 41 57
132 100 114 154
124 92 90 114
86 118 56 74
====================
105 124 72 79
101 55 90 66
124 105 102 96
116 108 111 86
====================
56 101 80 50
109 188 85 106
53 107 95 50
141 202 105 134
====================
163 112 56 48
174 125 82 48
136 120 72 84
91 73 54 30
====================
102 149 74 104
112 141 80 78
85 141 61 75
58 106 66 72
====================
66 20 85 20
153 53 161 57
28 52 110 26
98 50 122 53
====================
77 96 134 70
94 112 107 66
93 112 141 72
70 82 113 58
====================
99 67 119 24
139 84 155 60
89 55 74 6
205 112 180 72
====================
170 94 100 10
77 116 112 23
74 35 51 8
76 118 126 24
====================
132 196 124 132
167 175 151 111
41 112 22 77
107 117 141 99
====================
81 43 40 70
126 114 57 86
105 59 91 112
72 62 68 87
====================
83 119 106 172
128 135 130 134
74 31 48 72
92 50 64 94
====================
180 133 130 149
184 91 105 132
87 38 38 84
132 122 101 149
====================
194 214 153 83
127 125 90 77
149 157 105 78
139 140 105 74
====================
255 75 156 202
237 52 132 192
145 57 122 125
195 54 108 160
====================
136 114 122 195
70 94 52 124
152 140 106 187
166 101 110 208
====================
66 210 129 165
70 233 180 123
33 160 78 139
44 140 136 96
====================
50 78 62 108
98 64 114 140
85 102 90 111
103 105 93 66
====================
156 99 129 158
89 64 87 88
93 66 75 88
161 109 141 157
====================
66 56 46 98
84 33 37 149
88 33 41 153
72 13 53 101
====================
129 67 123 90
101 34 62 76
119 62 78 109
74 11 48 43
====================
91 100 128 81
124 130 192 148
93 122 161 129
116 71 141 86
====================
214 115 200 76
105 22 115 75
176 83 161 94
228 122 212 72
====================
88 38 108 152
165 111 171 210
162 86 166 208
130 107 138 150
====================
92 85 71 125
180 148 59 126
120 133 51 85
79 117 75 109
====================
72 108 99 20
117 149 136 102
106 129 141 40
119 158 139 104
====================
56 121 107 163
59 63 59 149
52 135 121 131
75 106 112 142
====================
91 92 94 103
137 112 107 98
120 64 65 66
121 72 74 69
====================
112 112 169 187
16 16 19 19
109 72 136 137
105 112 112 161
====================
108 39 72 80
190 78 170 161
67 10 36 55
153 65 102 106
====================
100 103 135 153
49 126 66 84
57 91 85 105
95 75 66 70
====================
141 235 154 221
37 110 52 76
59 126 42 68
75 142 45 59
====================
134 186 41 157
138 215 65 165
102 133 17 123
92 150 39 100
====================
131 125 129 126
180 200 177 243
160 150 145 161
166 160 155 170
====================
40 85 148 104
85 193 179 158
32 72 125 95
73 119 103 72
====================
107 57 80 77
113 102 124 95
124 87 127 109
122 126 143 109
====================
53 25 58 99
146 84 153 163
69 35 68 85
77 37 81 118
====================
137 110 142 168
173 130 188 212
100 90 96 114
109 96 91 116
====================
105 91 71 63
107 102 56 73
111 107 49 81
167 164 115 146
====================
88 35 123 127
74 41 91 87
132 48 184 177
110 45 151 144
====================
58 12 18 44
98 82 116 61
134 100 152 76
68 86 82 19
====================
48 22 58 0
62 56 98 12
104 97 47 81
148 170 180 90
====================
112 113 171 64
71 93 138 60
93 136 189 76
14 25 40 21
====================
60 150 100 78
145 198 170 117
106 95 120 53
81 49 95 27
====================
109 125 101 74
97 87 94 76
146 138 139 90
133 92 106 51
====================
49 70 172 146
39 55 89 46
85 110 95 96
91 130 81 156
====================
116 123 99 147
79 88 65 101
144 144 122 174
69 78 56 90
====================
108 72 99 90
64 84 67 42
99 73 91 56
143 104 65 51
====================
138 93 89 25
143 42 65 36
194 102 79 46
113 99 77 21
====================
101 76 70 80
104 76 78 88
78 51 76 88
138 102 110 192
====================
41 142 199 176
17 81 120 112
65 113 114 132
41 120 130 136
====================
98 164 33 33
65 137 41 47
199 265 45 95
96 120 19 59
====================
32 41 16 58
108 115 135 134
62 137 126 104
106 171 172 132
====================
161 118 30 114
102 50 27 54
121 120 9 108
93 44 24 66
====================
66 60 17 46
62 53 44 82
134 98 16 74
122 85 63 132
====================
108 41 135 80
118 56 131 120
98 44 88 92
122 47 118 122
====================
215 123 94 186
100 38 26 31
130 61 42 93
128 89 75 135
====================
207 185 128 121
110 94 50 49
164 148 98 112
115 84 33 40
====================
117 66 101 153
86 42 52 119
81 82 74 116
101 58 106 122
====================
150 93 121 63
70 49 63 39
102 116 168 61
146 99 127 77
====================
138 96 107 121
128 96 157 120
185 124 189 157
119 94 82 124
====================
